1/16/ 3, 1/16/ 3, 1/16/ 3, 1/16/ 3, 1/16/ 3, 1/16/ 3, 1/16/ 3, 1/16/ 3, 1/16/ 3, 1/16/ 3, 1/16/32, 1/16/32, 1/16/32, 1/16/32, 1/16/32, 1/16/32, 1/16/32, 1/16/32, 1/16/32, 1/16/32, 1/16/32, 1/16/32, 1/16/32, 1/16/32, 1/16/32, 1/16/32, 1/16/32, 1/16/32, 1/16/32, 1/16/32, 1/16/32, 1/16/32, 1/16/32, 1/16/32, 1/16/32, 1/16/32, 1/16/32, 1/16/32, 1/16/32, 1/16/32, 1/16/32, 1/16/32, 1/16/32, 1/16/32, 1/16/32, 1/16/32, 1/16/32, 1/16/32, 1/16/32, 1/16/32, 1/16/32, 1/16/32, 1/16/32, 1/16/32, 1/16/32, 1/16/32, 1/16/32, 1/16/32, 1/16/32, 1/16/32, 1/16/32, 1/16/32, 1/16/32, 1/16/32
1/16/32, 0      , 0      , 1/16/32, 0      , 0      , 0      , 0      , 0      , 0      , 0      , 0      , 0      , 0      , 0      , 0      , 0      , 0      , 0      , 0      , 0      , 0      , 0      , 0      , 0      , 0      , 0      , 0      , 0      , 0      , 0      , 0      , 1/16/32, 0      , 0      , 0      , 0      , 0      , 0      , 0      , 0      , 0      , 0      , 0      , 0      , 0      , 0      , 0      , 0      , 0      , 0      , 0      , 0      , 0      , 0      , 0      , 0      , 0      , 0      , 0      , 0      , 0      , 0      , 0      
1/16/32, 0      , 0      , 0      , 0      , 0      , 0      , 0      , 0      , 0      , 0      , 0      , 0      , 0      , 0      , 0      , 0      , 0      , 0      , 0      , 0      , 0      , 0      , 0      , 0      , 0      , 0      , 0      , 0      , 0      , 0      , 0      , 1/16/32, 0      , 0      , 0      , 0      , 0      , 0      , 0      , 0      , 0      , 0      , 0      , 0      , 0      , 0      , 0      , 0      , 0      , 0      , 0      , 0      , 0      , 0      , 0      , 0      , 0      , 0      , 0      , 0      , 0      , 0      , 0      
1/16/32, 0      , 0      , 0      , 0      , 0      , 0      , 0      , 0      , 0      , 0      , 0      , 0      , 0      , 0      , 0      , 0      , 0      , 0      , 0      , 0      , 0      , 0      , 0      , 0      , 0      , 0      , 0      , 0      , 0      , 0      , 0      , 1/16/32, 0      , 0      , 0      , 0      , 0      , 0      , 0      , 0      , 0      , 0      , 0      , 0      , 0      , 0      , 0      , 0      , 0      , 0      , 0      , 0      , 0      , 0      , 0      , 0      , 0      , 0      , 0      , 0      , 0      , 0      , 0      
1/16/32, 0      , 0      , 0      , 0      , 0      , 0      , 0      , 0      , 0      , 0      , 0      , 0      , 0      , 0      , 0      , 0      , 0      , 0      , 0      , 0      , 0      , 0      , 0      , 0      , 0      , 0      , 0      , 0      , 0      , 0      , 0      , 1/16/32, 0      , 0      , 0      , 0      , 0      , 0      , 0      , 0      , 0      , 0      , 0      , 0      , 0      , 0      , 0      , 0      , 0      , 0      , 0      , 0      , 0      , 0      , 0      , 0      , 0      , 0      , 0      , 0      , 0      , 0      , 0      
1/16/32, 0      , 0      , 0      , 0      , 0      , 0      , 0      , 0      , 0      , 0      , 0      , 0      , 0      , 0      , 0      , 0      , 0      , 0      , 0      , 0      , 0      , 0      , 0      , 0      , 0      , 0      , 0      , 0      , 0      , 0      , 0      , 1/16/32, 0      , 0      , 0      , 0      , 0      , 0      , 0      , 0      , 0      , 0      , 0      , 0      , 0      , 0      , 0      , 0      , 0      , 0      , 0      , 0      , 0      , 0      , 0      , 0      , 0      , 0      , 0      , 0      , 0      , 0      , 0      
1/16/32, 0      , 0      , 0      , 0      , 0      , 0      , 0      , 0      , 0      , 0      , 0      , 0      , 0      , 0      , 0      , 0      , 0      , 0      , 0      , 0      , 0      , 0      , 0      , 0      , 0      , 0      , 0      , 0      , 0      , 0      , 0      , 1/16/32, 0      , 0      , 0      , 0      , 0      , 0      , 0      , 0      , 0      , 0      , 0      , 0      , 0      , 0      , 0      , 0      , 0      , 0      , 0      , 0      , 0      , 0      , 0      , 0      , 0      , 0      , 0      , 0      , 0      , 0      , 0      
1/16/32, 0      , 0      , 0      , 0      , 0      , 0      , 0      , 0      , 0      , 0      , 0      , 0      , 0      , 0      , 0      , 0      , 0      , 0      , 0      , 0      , 0      , 0      , 0      , 0      , 0      , 0      , 0      , 0      , 0      , 0      , 0      , 1/16/32, 0      , 0      , 0      , 0      , 0      , 0      , 0      , 0      , 0      , 0      , 0      , 0      , 0      , 0      , 0      , 0      , 0      , 0      , 0      , 0      , 0      , 0      , 0      , 0      , 0      , 0      , 0      , 0      , 0      , 0      , 0      
1/16/32, 0      , 0      , 0      , 0      , 0      , 0      , 0      , 0      , 0      , 0      , 0      , 0      , 0      , 0      , 0      , 0      , 0      , 0      , 0      , 0      , 0      , 0      , 0      , 0      , 0      , 0      , 0      , 0      , 0      , 0      , 0      , 1/16/32, 0      , 0      , 0      , 0      , 0      , 0      , 0      , 0      , 0      , 0      , 0      , 0      , 0      , 0      , 0      , 0      , 0      , 0      , 0      , 0      , 0      , 0      , 0      , 0      , 0      , 0      , 0      , 0      , 0      , 0      , 0      
1/16/32, 0      , 0      , 0      , 0      , 0      , 0      , 0      , 0      , 0      , 0      , 0      , 0      , 0      , 0      , 0      , 0      , 0      , 0      , 0      , 0      , 0      , 0      , 0      , 0      , 0      , 0      , 0      , 0      , 0      , 0      , 0      , 1/16/32, 0      , 0      , 0      , 0      , 0      , 0      , 0      , 0      , 0      , 0      , 0      , 0      , 0      , 0      , 0      , 0      , 0      , 0      , 0      , 0      , 0      , 0      , 0      , 0      , 0      , 0      , 0      , 0      , 0      , 0      , 0      
1/16/32, 0      , 0      , 0      , 0      , 0      , 0      , 0      , 0      , 0      , 0      , 0      , 0      , 0      , 0      , 0      , 0      , 0      , 0      , 0      , 0      , 0      , 0      , 0      , 0      , 0      , 0      , 0      , 0      , 0      , 0      , 0      , 1/16/32, 0      , 0      , 0      , 0      , 0      , 0      , 0      , 0      , 0      , 0      , 0      , 0      , 0      , 0      , 0      , 0      , 0      , 0      , 0      , 0      , 0      , 0      , 0      , 0      , 0      , 0      , 0      , 0      , 0      , 0      , 0      
1/16/32, 0      , 0      , 0      , 0      , 0      , 0      , 0      , 0      , 0      , 0      , 0      , 0      , 0      , 0      , 0      , 0      , 0      , 0      , 0      , 0      , 0      , 0      , 0      , 0      , 0      , 0      , 0      , 0      , 0      , 0      , 0      , 1/16/32, 0      , 0      , 0      , 0      , 0      , 0      , 0      , 0      , 0      , 0      , 0      , 0      , 0      , 0      , 0      , 0      , 0      , 0      , 0      , 0      , 0      , 0      , 0      , 0      , 0      , 0      , 0      , 0      , 0      , 0      , 0      
1/16/32, 0      , 0      , 0      , 0      , 0      , 0      , 0      , 0      , 0      , 0      , 0      , 0      , 0      , 0      , 0      , 0      , 0      , 0      , 0      , 0      , 0      , 0      , 0      , 0      , 0      , 0      , 0      , 0      , 0      , 0      , 0      , 1/16/32, 0      , 0      , 0      , 0      , 0      , 0      , 0      , 0      , 0      , 0      , 0      , 0      , 0      , 0      , 0      , 0      , 0      , 0      , 0      , 0      , 0      , 0      , 0      , 0      , 0      , 0      , 0      , 0      , 0      , 0      , 0      
1/16/32, 0      , 0      , 0      , 0      , 0      , 0      , 0      , 0      , 0      , 0      , 0      , 0      , 0      , 0      , 0      , 0      , 0      , 0      , 0      , 0      , 0      , 0      , 0      , 0      , 0      , 0      , 0      , 0      , 0      , 0      , 0      , 1/16/32, 0      , 0      , 0      , 0      , 0      , 0      , 0      , 0      , 0      , 0      , 0      , 0      , 0      , 0      , 0      , 0      , 0      , 0      , 0      , 0      , 0      , 0      , 0      , 0      , 0      , 0      , 0      , 0      , 0      , 0      , 0      
1/16/32, 0      , 0      , 0      , 0      , 0      , 0      , 0      , 0      , 0      , 0      , 0      , 0      , 0      , 0      , 0      , 0      , 0      , 0      , 0      , 0      , 0      , 0      , 0      , 0      , 0      , 0      , 0      , 0      , 0      , 0      , 0      , 1/16/32, 0      , 0      , 0      , 0      , 0      , 0      , 0      , 0      , 0      , 0      , 0      , 0      , 0      , 0      , 0      , 0      , 0      , 0      , 0      , 0      , 0      , 0      , 0      , 0      , 0      , 0      , 0      , 0      , 0      , 0      , 0      
1/16/32, 0      , 0      , 0      , 0      , 0      , 0      , 0      , 0      , 0      , 0      , 0      , 0      , 0      , 0      , 0      , 0      , 0      , 0      , 0      , 0      , 0      , 0      , 0      , 0      , 0      , 0      , 0      , 0      , 0      , 0      , 0      , 1/16/32, 0      , 0      , 0      , 0      , 0      , 0      , 0      , 0      , 0      , 0      , 0      , 0      , 0      , 0      , 0      , 0      , 0      , 0      , 0      , 0      , 0      , 0      , 0      , 0      , 0      , 0      , 0      , 0      , 0      , 0      , 0      
1/16/32, 0      , 0      , 0      , 0      , 0      , 0      , 0      , 0      , 0      , 0      , 0      , 0      , 0      , 0      , 0      , 0      , 0      , 0      , 0      , 0      , 0      , 0      , 0      , 0      , 0      , 0      , 0      , 0      , 0      , 0      , 0      , 1/16/32, 0      , 0      , 0      , 0      , 0      , 0      , 0      , 0      , 0      , 0      , 0      , 0      , 0      , 0      , 0      , 0      , 0      , 0      , 0      , 0      , 0      , 0      , 0      , 0      , 0      , 0      , 0      , 0      , 0      , 0      , 0      
1/16/32, 0      , 0      , 0      , 0      , 0      , 0      , 0      , 0      , 0      , 0      , 0      , 0      , 0      , 0      , 0      , 0      , 0      , 0      , 0      , 0      , 0      , 0      , 0      , 0      , 0      , 0      , 0      , 0      , 0      , 0      , 0      , 1/16/32, 0      , 0      , 0      , 0      , 0      , 0      , 0      , 0      , 0      , 0      , 0      , 0      , 0      , 0      , 0      , 0      , 0      , 0      , 0      , 0      , 0      , 0      , 0      , 0      , 0      , 0      , 0      , 0      , 0      , 0      , 0      
1/16/32, 0      , 0      , 0      , 0      , 0      , 0      , 0      , 0      , 0      , 0      , 0      , 0      , 0      , 0      , 0      , 0      , 0      , 0      , 0      , 0      , 0      , 0      , 0      , 0      , 0      , 0      , 0      , 0      , 0      , 0      , 0      , 1/16/32, 0      , 0      , 0      , 0      , 0      , 0      , 0      , 0      , 0      , 0      , 0      , 0      , 0      , 0      , 0      , 0      , 0      , 0      , 0      , 0      , 0      , 0      , 0      , 0      , 0      , 0      , 0      , 0      , 0      , 0      , 0      
1/16/32, 0      , 0      , 0      , 0      , 0      , 0      , 0      , 0      , 0      , 0      , 0      , 0      , 0      , 0      , 0      , 0      , 0      , 0      , 0      , 0      , 0      , 0      , 0      , 0      , 0      , 0      , 0      , 0      , 0      , 0      , 0      , 1/16/32, 0      , 0      , 0      , 0      , 0      , 0      , 0      , 0      , 0      , 0      , 0      , 0      , 0      , 0      , 0      , 0      , 0      , 0      , 0      , 0      , 0      , 0      , 0      , 0      , 0      , 0      , 0      , 0      , 0      , 0      , 0      
1/16/32, 0      , 0      , 0      , 0      , 0      , 0      , 0      , 0      , 0      , 0      , 0      , 0      , 0      , 0      , 0      , 0      , 0      , 0      , 0      , 0      , 0      , 0      , 0      , 0      , 0      , 0      , 0      , 0      , 0      , 0      , 0      , 1/16/32, 0      , 0      , 0      , 0      , 0      , 0      , 0      , 0      , 0      , 0      , 0      , 0      , 0      , 0      , 0      , 0      , 0      , 0      , 0      , 0      , 0      , 0      , 0      , 0      , 0      , 0      , 0      , 0      , 0      , 0      , 0      
1/16/32, 0      , 0      , 0      , 0      , 0      , 0      , 0      , 0      , 0      , 0      , 0      , 0      , 0      , 0      , 0      , 0      , 0      , 0      , 0      , 0      , 0      , 0      , 0      , 0      , 0      , 0      , 0      , 0      , 0      , 0      , 0      , 1/16/32, 0      , 0      , 0      , 0      , 0      , 0      , 0      , 0      , 0      , 0      , 0      , 0      , 0      , 0      , 0      , 0      , 0      , 0      , 0      , 0      , 0      , 0      , 0      , 0      , 0      , 0      , 0      , 0      , 0      , 0      , 0      
1/16/32, 0      , 0      , 0      , 0      , 0      , 0      , 0      , 0      , 0      , 0      , 0      , 0      , 0      , 0      , 0      , 0      , 0      , 0      , 0      , 0      , 0      , 0      , 0      , 0      , 0      , 0      , 0      , 0      , 0      , 0      , 0      , 1/16/32, 0      , 0      , 0      , 0      , 0      , 0      , 0      , 0      , 0      , 0      , 0      , 0      , 0      , 0      , 0      , 0      , 0      , 0      , 0      , 0      , 0      , 0      , 0      , 0      , 0      , 0      , 0      , 0      , 0      , 0      , 0      
1/16/32, 0      , 0      , 0      , 0      , 0      , 0      , 0      , 0      , 0      , 0      , 0      , 0      , 0      , 0      , 0      , 0      , 0      , 0      , 0      , 0      , 0      , 0      , 0      , 0      , 0      , 0      , 0      , 0      , 0      , 0      , 0      , 1/16/32, 0      , 0      , 0      , 0      , 0      , 0      , 0      , 0      , 0      , 0      , 0      , 0      , 0      , 0      , 0      , 0      , 0      , 0      , 0      , 0      , 0      , 0      , 0      , 0      , 0      , 0      , 0      , 0      , 0      , 0      , 0      
1/16/32, 0      , 0      , 0      , 0      , 0      , 0      , 0      , 0      , 0      , 0      , 0      , 0      , 0      , 0      , 0      , 0      , 0      , 0      , 0      , 0      , 0      , 0      , 0      , 0      , 0      , 0      , 0      , 0      , 0      , 0      , 0      , 1/16/32, 0      , 0      , 0      , 0      , 0      , 0      , 0      , 0      , 0      , 0      , 0      , 0      , 0      , 0      , 0      , 0      , 0      , 0      , 0      , 0      , 0      , 0      , 0      , 0      , 0      , 0      , 0      , 0      , 0      , 0      , 0      
1/16/32, 0      , 0      , 0      , 0      , 0      , 0      , 0      , 0      , 0      , 0      , 0      , 0      , 0      , 0      , 0      , 0      , 0      , 0      , 0      , 0      , 0      , 0      , 0      , 0      , 0      , 0      , 0      , 0      , 0      , 0      , 0      , 1/16/32, 0      , 0      , 0      , 0      , 0      , 0      , 0      , 0      , 0      , 0      , 0      , 0      , 0      , 0      , 0      , 0      , 0      , 0      , 0      , 0      , 0      , 0      , 0      , 0      , 0      , 0      , 0      , 0      , 0      , 0      , 0      
1/16/32, 0      , 0      , 0      , 0      , 0      , 0      , 0      , 0      , 0      , 0      , 0      , 0      , 0      , 0      , 0      , 0      , 0      , 0      , 0      , 0      , 0      , 0      , 0      , 0      , 0      , 0      , 0      , 0      , 0      , 0      , 0      , 1/16/32, 0      , 0      , 0      , 0      , 0      , 0      , 0      , 0      , 0      , 0      , 0      , 0      , 0      , 0      , 0      , 0      , 0      , 0      , 0      , 0      , 0      , 0      , 0      , 0      , 0      , 0      , 0      , 0      , 0      , 0      , 0      
1/16/32, 0      , 0      , 0      , 0      , 0      , 0      , 0      , 0      , 0      , 0      , 0      , 0      , 0      , 0      , 0      , 0      , 0      , 0      , 0      , 0      , 0      , 0      , 0      , 0      , 0      , 0      , 0      , 0      , 0      , 0      , 0      , 1/16/32, 0      , 0      , 0      , 0      , 0      , 0      , 0      , 0      , 0      , 0      , 0      , 0      , 0      , 0      , 0      , 0      , 0      , 0      , 0      , 0      , 0      , 0      , 0      , 0      , 0      , 0      , 0      , 0      , 0      , 0      , 0      
1/16/32, 0      , 0      , 0      , 0      , 0      , 0      , 0      , 0      , 0      , 0      , 0      , 0      , 0      , 0      , 0      , 0      , 0      , 0      , 0      , 0      , 0      , 0      , 0      , 0      , 0      , 0      , 0      , 0      , 0      , 0      , 0      , 1/16/32, 0      , 0      , 0      , 0      , 0      , 0      , 0      , 0      , 0      , 0      , 0      , 0      , 0      , 0      , 0      , 0      , 0      , 0      , 0      , 0      , 0      , 0      , 0      , 0      , 0      , 0      , 0      , 0      , 0      , 0      , 0      
1/16/32, 0      , 0      , 0      , 0      , 0      , 0      , 0      , 0      , 0      , 0      , 0      , 0      , 0      , 0      , 0      , 0      , 0      , 0      , 0      , 0      , 0      , 0      , 0      , 0      , 0      , 0      , 0      , 0      , 0      , 0      , 0      , 1/16/32, 0      , 0      , 0      , 0      , 0      , 0      , 0      , 0      , 0      , 0      , 0      , 0      , 0      , 0      , 0      , 0      , 0      , 0      , 0      , 0      , 0      , 0      , 0      , 0      , 0      , 0      , 0      , 0      , 0      , 0      , 0      
1/16/32, 0      , 0      , 0      , 0      , 0      , 0      , 0      , 0      , 0      , 0      , 0      , 0      , 0      , 0      , 0      , 0      , 0      , 0      , 0      , 0      , 0      , 0      , 0      , 0      , 0      , 0      , 0      , 0      , 0      , 0      , 0      , 1/16/32, 0      , 0      , 0      , 0      , 0      , 0      , 0      , 0      , 0      , 0      , 0      , 0      , 0      , 0      , 0      , 0      , 0      , 0      , 0      , 0      , 0      , 0      , 0      , 0      , 0      , 0      , 0      , 0      , 0      , 0      , 0      
1/16/32, 0      , 0      , 0      , 0      , 0      , 0      , 0      , 0      , 0      , 0      , 0      , 0      , 0      , 0      , 0      , 0      , 0      , 0      , 0      , 0      , 0      , 0      , 0      , 0      , 0      , 0      , 0      , 0      , 0      , 0      , 0      , 1/16/32, 0      , 0      , 0      , 0      , 0      , 0      , 0      , 0      , 0      , 0      , 0      , 0      , 0      , 0      , 0      , 0      , 0      , 0      , 0      , 0      , 0      , 0      , 0      , 0      , 0      , 0      , 0      , 0      , 0      , 0      , 0      
1/16/32, 1/16/32, 1/16/32, 1/16/32, 1/16/32, 1/16/32, 1/16/32, 1/16/32, 1/16/32, 1/16/32, 1/16/32, 1/16/32, 1/16/32, 1/16/32, 1/16/32, 1/16/32, 1/16/32, 1/16/32, 1/16/32, 1/16/32, 1/16/32, 1/16/32, 1/16/32, 1/16/32, 1/16/32, 1/16/32, 1/16/32, 1/16/32, 1/16/32, 1/16/32, 1/16/32, 1/16/32, 1/16/32, 1/16/32, 1/16/32, 1/16/32, 1/16/32, 1/16/32, 1/16/32, 1/16/32, 1/16/32, 1/16/32, 1/16/32, 1/16/32, 1/16/32, 1/16/32, 1/16/32, 1/16/32, 1/16/32, 1/16/32, 1/16/32, 1/16/32, 1/16/32, 1/16/32, 1/16/32, 1/16/32, 1/16/32, 1/16/32, 1/16/32, 1/16/32, 1/16/32, 1/16/32, 1/16/32, 1/16/32
1/16/32, 0      , 0      , 0      , 0      , 0      , 0      , 0      , 0      , 0      , 0      , 0      , 0      , 0      , 0      , 0      , 0      , 0      , 0      , 0      , 0      , 0      , 0      , 0      , 0      , 0      , 0      , 0      , 0      , 0      , 0      , 0      , 1/16/32, 0      , 0      , 0      , 0      , 0      , 0      , 0      , 0      , 0      , 0      , 0      , 0      , 0      , 0      , 0      , 0      , 0      , 0      , 0      , 0      , 0      , 0      , 0      , 0      , 0      , 0      , 0      , 0      , 0      , 0      , 0      
1/16/32, 0      , 0      , 0      , 0      , 0      , 0      , 0      , 0      , 0      , 0      , 0      , 0      , 0      , 0      , 0      , 0      , 0      , 0      , 0      , 0      , 0      , 0      , 0      , 0      , 0      , 0      , 0      , 0      , 0      , 0      , 0      , 1/16/32, 0      , 0      , 0      , 0      , 0      , 0      , 0      , 0      , 0      , 0      , 0      , 0      , 0      , 0      , 0      , 0      , 0      , 0      , 0      , 0      , 0      , 0      , 0      , 0      , 0      , 0      , 0      , 0      , 0      , 0      , 0      
1/16/32, 0      , 0      , 0      , 0      , 0      , 0      , 0      , 0      , 0      , 0      , 0      , 0      , 0      , 0      , 0      , 0      , 0      , 0      , 0      , 0      , 0      , 0      , 0      , 0      , 0      , 0      , 0      , 0      , 0      , 0      , 0      , 1/16/32, 0      , 0      , 0      , 0      , 0      , 0      , 0      , 0      , 0      , 0      , 0      , 0      , 0      , 0      , 0      , 0      , 0      , 0      , 0      , 0      , 0      , 0      , 0      , 0      , 0      , 0      , 0      , 0      , 0      , 0      , 0      
1/16/32, 0      , 0      , 0      , 0      , 0      , 0      , 0      , 0      , 0      , 0      , 0      , 0      , 0      , 0      , 0      , 0      , 0      , 0      , 0      , 0      , 0      , 0      , 0      , 0      , 0      , 0      , 0      , 0      , 0      , 0      , 0      , 1/16/32, 0      , 0      , 0      , 0      , 0      , 0      , 0      , 0      , 0      , 0      , 0      , 0      , 0      , 0      , 0      , 0      , 0      , 0      , 0      , 0      , 0      , 0      , 0      , 0      , 0      , 0      , 0      , 0      , 0      , 0      , 0      
1/16/32, 0      , 0      , 0      , 0      , 0      , 0      , 0      , 0      , 0      , 0      , 0      , 0      , 0      , 0      , 0      , 0      , 0      , 0      , 0      , 0      , 0      , 0      , 0      , 0      , 0      , 0      , 0      , 0      , 0      , 0      , 0      , 1/16/32, 0      , 0      , 0      , 0      , 0      , 0      , 0      , 0      , 0      , 0      , 0      , 0      , 0      , 0      , 0      , 0      , 0      , 0      , 0      , 0      , 0      , 0      , 0      , 0      , 0      , 0      , 0      , 0      , 0      , 0      , 0      
1/16/32, 0      , 0      , 0      , 0      , 0      , 0      , 0      , 0      , 0      , 0      , 0      , 0      , 0      , 0      , 0      , 0      , 0      , 0      , 0      , 0      , 0      , 0      , 0      , 0      , 0      , 0      , 0      , 0      , 0      , 0      , 0      , 1/16/32, 0      , 0      , 0      , 0      , 0      , 0      , 0      , 0      , 0      , 0      , 0      , 0      , 0      , 0      , 0      , 0      , 0      , 0      , 0      , 0      , 0      , 0      , 0      , 0      , 0      , 0      , 0      , 0      , 0      , 0      , 0      
1/16/32, 0      , 0      , 0      , 0      , 0      , 0      , 0      , 0      , 0      , 0      , 0      , 0      , 0      , 0      , 0      , 0      , 0      , 0      , 0      , 0      , 0      , 0      , 0      , 0      , 0      , 0      , 0      , 0      , 0      , 0      , 0      , 1/16/32, 0      , 0      , 0      , 0      , 0      , 0      , 0      , 0      , 0      , 0      , 0      , 0      , 0      , 0      , 0      , 0      , 0      , 0      , 0      , 0      , 0      , 0      , 0      , 0      , 0      , 0      , 0      , 0      , 0      , 0      , 0      
1/16/32, 0      , 0      , 0      , 0      , 0      , 0      , 0      , 0      , 0      , 0      , 0      , 0      , 0      , 0      , 0      , 0      , 0      , 0      , 0      , 0      , 0      , 0      , 0      , 0      , 0      , 0      , 0      , 0      , 0      , 0      , 0      , 1/16/32, 0      , 0      , 0      , 0      , 0      , 0      , 0      , 0      , 0      , 0      , 0      , 0      , 0      , 0      , 0      , 0      , 0      , 0      , 0      , 0      , 0      , 0      , 0      , 0      , 0      , 0      , 0      , 0      , 0      , 0      , 0      
1/16/32, 0      , 0      , 0      , 0      , 0      , 0      , 0      , 0      , 0      , 0      , 0      , 0      , 0      , 0      , 0      , 0      , 0      , 0      , 0      , 0      , 0      , 0      , 0      , 0      , 0      , 0      , 0      , 0      , 0      , 0      , 0      , 1/16/32, 0      , 0      , 0      , 0      , 0      , 0      , 0      , 0      , 0      , 0      , 0      , 0      , 0      , 0      , 0      , 0      , 0      , 0      , 0      , 0      , 0      , 0      , 0      , 0      , 0      , 0      , 0      , 0      , 0      , 0      , 0      
1/16/32, 0      , 0      , 0      , 0      , 0      , 0      , 0      , 0      , 0      , 0      , 0      , 0      , 0      , 0      , 0      , 0      , 0      , 0      , 0      , 0      , 0      , 0      , 0      , 0      , 0      , 0      , 0      , 0      , 0      , 0      , 0      , 1/16/32, 0      , 0      , 0      , 0      , 0      , 0      , 0      , 0      , 0      , 0      , 0      , 0      , 0      , 0      , 0      , 0      , 0      , 0      , 0      , 0      , 0      , 0      , 0      , 0      , 0      , 0      , 0      , 0      , 0      , 0      , 0      
1/16/32, 0      , 0      , 0      , 0      , 0      , 0      , 0      , 0      , 0      , 0      , 0      , 0      , 0      , 0      , 0      , 0      , 0      , 0      , 0      , 0      , 0      , 0      , 0      , 0      , 0      , 0      , 0      , 0      , 0      , 0      , 0      , 1/16/32, 0      , 0      , 0      , 0      , 0      , 0      , 0      , 0      , 0      , 0      , 0      , 0      , 0      , 0      , 0      , 0      , 0      , 0      , 0      , 0      , 0      , 0      , 0      , 0      , 0      , 0      , 0      , 0      , 0      , 0      , 0      
1/16/32, 0      , 0      , 0      , 0      , 0      , 0      , 0      , 0      , 0      , 0      , 0      , 0      , 0      , 0      , 0      , 0      , 0      , 0      , 0      , 0      , 0      , 0      , 0      , 0      , 0      , 0      , 0      , 0      , 0      , 0      , 0      , 1/16/32, 0      , 0      , 0      , 0      , 0      , 0      , 0      , 0      , 0      , 0      , 0      , 0      , 0      , 0      , 0      , 0      , 0      , 0      , 0      , 0      , 0      , 0      , 0      , 0      , 0      , 0      , 0      , 0      , 0      , 0      , 0      
1/16/32, 0      , 0      , 0      , 0      , 0      , 0      , 0      , 0      , 0      , 0      , 0      , 0      , 0      , 0      , 0      , 0      , 0      , 0      , 0      , 0      , 0      , 0      , 0      , 0      , 0      , 0      , 0      , 0      , 0      , 0      , 0      , 1/16/32, 0      , 0      , 0      , 0      , 0      , 0      , 0      , 0      , 0      , 0      , 0      , 0      , 0      , 0      , 0      , 0      , 0      , 0      , 0      , 0      , 0      , 0      , 0      , 0      , 0      , 0      , 0      , 0      , 0      , 0      , 0      
1/16/32, 0      , 0      , 0      , 0      , 0      , 0      , 0      , 0      , 0      , 0      , 0      , 0      , 0      , 0      , 0      , 0      , 0      , 0      , 0      , 0      , 0      , 0      , 0      , 0      , 0      , 0      , 0      , 0      , 0      , 0      , 0      , 1/16/32, 0      , 0      , 0      , 0      , 0      , 0      , 0      , 0      , 0      , 0      , 0      , 0      , 0      , 0      , 0      , 0      , 0      , 0      , 0      , 0      , 0      , 0      , 0      , 0      , 0      , 0      , 0      , 0      , 0      , 0      , 0      
1/16/32, 0      , 0      , 0      , 0      , 0      , 0      , 0      , 0      , 0      , 0      , 0      , 0      , 0      , 0      , 0      , 0      , 0      , 0      , 0      , 0      , 0      , 0      , 0      , 0      , 0      , 0      , 0      , 0      , 0      , 0      , 0      , 1/16/32, 0      , 0      , 0      , 0      , 0      , 0      , 0      , 0      , 0      , 0      , 0      , 0      , 0      , 0      , 0      , 0      , 0      , 0      , 0      , 0      , 0      , 0      , 0      , 0      , 0      , 0      , 0      , 0      , 0      , 0      , 0      
1/16/32, 0      , 0      , 0      , 0      , 0      , 0      , 0      , 0      , 0      , 0      , 0      , 0      , 0      , 0      , 0      , 0      , 0      , 0      , 0      , 0      , 0      , 0      , 0      , 0      , 0      , 0      , 0      , 0      , 0      , 0      , 0      , 1/16/32, 0      , 0      , 0      , 0      , 0      , 0      , 0      , 0      , 0      , 0      , 0      , 0      , 0      , 0      , 0      , 0      , 0      , 0      , 0      , 0      , 0      , 0      , 0      , 0      , 0      , 0      , 0      , 0      , 0      , 0      , 0      
1/16/32, 0      , 0      , 0      , 0      , 0      , 0      , 0      , 0      , 0      , 0      , 0      , 0      , 0      , 0      , 0      , 0      , 0      , 0      , 0      , 0      , 0      , 0      , 0      , 0      , 0      , 0      , 0      , 0      , 0      , 0      , 0      , 1/16/32, 0      , 0      , 0      , 0      , 0      , 0      , 0      , 0      , 0      , 0      , 0      , 0      , 0      , 0      , 0      , 0      , 0      , 0      , 0      , 0      , 0      , 0      , 0      , 0      , 0      , 0      , 0      , 0      , 0      , 0      , 0      
1/16/32, 0      , 0      , 0      , 0      , 0      , 0      , 0      , 0      , 0      , 0      , 0      , 0      , 0      , 0      , 0      , 0      , 0      , 0      , 0      , 0      , 0      , 0      , 0      , 0      , 0      , 0      , 0      , 0      , 0      , 0      , 0      , 1/16/32, 0      , 0      , 0      , 0      , 0      , 0      , 0      , 0      , 0      , 0      , 0      , 0      , 0      , 0      , 0      , 0      , 0      , 0      , 0      , 0      , 0      , 0      , 0      , 0      , 0      , 0      , 0      , 0      , 0      , 0      , 0      
1/16/32, 0      , 0      , 0      , 0      , 0      , 0      , 0      , 0      , 0      , 0      , 0      , 0      , 0      , 0      , 0      , 0      , 0      , 0      , 0      , 0      , 0      , 0      , 0      , 0      , 0      , 0      , 0      , 0      , 0      , 0      , 0      , 1/16/32, 0      , 0      , 0      , 0      , 0      , 0      , 0      , 0      , 0      , 0      , 0      , 0      , 0      , 0      , 0      , 0      , 0      , 0      , 0      , 0      , 0      , 0      , 0      , 0      , 0      , 0      , 0      , 0      , 0      , 0      , 0      
1/16/32, 0      , 0      , 0      , 0      , 0      , 0      , 0      , 0      , 0      , 0      , 0      , 0      , 0      , 0      , 0      , 0      , 0      , 0      , 0      , 0      , 0      , 0      , 0      , 0      , 0      , 0      , 0      , 0      , 0      , 0      , 0      , 1/16/32, 0      , 0      , 0      , 0      , 0      , 0      , 0      , 0      , 0      , 0      , 0      , 0      , 0      , 0      , 0      , 0      , 0      , 0      , 0      , 0      , 0      , 0      , 0      , 0      , 0      , 0      , 0      , 0      , 0      , 0      , 0      
1/16/32, 0      , 0      , 0      , 0      , 0      , 0      , 0      , 0      , 0      , 0      , 0      , 0      , 0      , 0      , 0      , 0      , 0      , 0      , 0      , 0      , 0      , 0      , 0      , 0      , 0      , 0      , 0      , 0      , 0      , 0      , 0      , 1/16/32, 0      , 0      , 0      , 0      , 0      , 0      , 0      , 0      , 0      , 0      , 0      , 0      , 0      , 0      , 0      , 0      , 0      , 0      , 0      , 0      , 0      , 0      , 0      , 0      , 0      , 0      , 0      , 0      , 0      , 0      , 0      
1/16/32, 0      , 0      , 0      , 0      , 0      , 0      , 0      , 0      , 0      , 0      , 0      , 0      , 0      , 0      , 0      , 0      , 0      , 0      , 0      , 0      , 0      , 0      , 0      , 0      , 0      , 0      , 0      , 0      , 0      , 0      , 0      , 1/16/32, 0      , 0      , 0      , 0      , 0      , 0      , 0      , 0      , 0      , 0      , 0      , 0      , 0      , 0      , 0      , 0      , 0      , 0      , 0      , 0      , 0      , 0      , 0      , 0      , 0      , 0      , 0      , 0      , 0      , 0      , 0      
1/16/32, 0      , 0      , 0      , 0      , 0      , 0      , 0      , 0      , 0      , 0      , 0      , 0      , 0      , 0      , 0      , 0      , 0      , 0      , 0      , 0      , 0      , 0      , 0      , 0      , 0      , 0      , 0      , 0      , 0      , 0      , 0      , 1/16/32, 0      , 0      , 0      , 0      , 0      , 0      , 0      , 0      , 0      , 0      , 0      , 0      , 0      , 0      , 0      , 0      , 0      , 0      , 0      , 0      , 0      , 0      , 0      , 0      , 0      , 0      , 0      , 0      , 0      , 0      , 0      
1/16/32, 0      , 0      , 0      , 0      , 0      , 0      , 0      , 0      , 0      , 0      , 0      , 0      , 0      , 0      , 0      , 0      , 0      , 0      , 0      , 0      , 0      , 0      , 0      , 0      , 0      , 0      , 0      , 0      , 0      , 0      , 0      , 1/16/32, 0      , 0      , 0      , 0      , 0      , 0      , 0      , 0      , 0      , 0      , 0      , 0      , 0      , 0      , 0      , 0      , 0      , 0      , 0      , 0      , 0      , 0      , 0      , 0      , 0      , 0      , 0      , 0      , 0      , 0      , 0      
1/16/32, 0      , 0      , 0      , 0      , 0      , 0      , 0      , 0      , 0      , 0      , 0      , 0      , 0      , 0      , 0      , 0      , 0      , 0      , 0      , 0      , 0      , 0      , 0      , 0      , 0      , 0      , 0      , 0      , 0      , 0      , 0      , 1/16/32, 0      , 0      , 0      , 0      , 0      , 0      , 0      , 0      , 0      , 0      , 0      , 0      , 0      , 0      , 0      , 0      , 0      , 0      , 0      , 0      , 0      , 0      , 0      , 0      , 0      , 0      , 0      , 0      , 0      , 0      , 0      
1/16/32, 0      , 0      , 0      , 0      , 0      , 0      , 0      , 0      , 0      , 0      , 0      , 0      , 0      , 0      , 0      , 0      , 0      , 0      , 0      , 0      , 0      , 0      , 0      , 0      , 0      , 0      , 0      , 0      , 0      , 0      , 0      , 1/16/32, 0      , 0      , 0      , 0      , 0      , 0      , 0      , 0      , 0      , 0      , 0      , 0      , 0      , 0      , 0      , 0      , 0      , 0      , 0      , 0      , 0      , 0      , 0      , 0      , 0      , 0      , 0      , 0      , 0      , 0      , 0      
1/16/32, 0      , 0      , 0      , 0      , 0      , 0      , 0      , 0      , 0      , 0      , 0      , 0      , 0      , 0      , 0      , 0      , 0      , 0      , 0      , 0      , 0      , 0      , 0      , 0      , 0      , 0      , 0      , 0      , 0      , 0      , 0      , 1/16/32, 0      , 0      , 0      , 0      , 0      , 0      , 0      , 0      , 0      , 0      , 0      , 0      , 0      , 0      , 0      , 0      , 0      , 0      , 0      , 0      , 0      , 0      , 0      , 0      , 0      , 0      , 0      , 0      , 0      , 0      , 0      
1/16/32, 0      , 0      , 0      , 0      , 0      , 0      , 0      , 0      , 0      , 0      , 0      , 0      , 0      , 0      , 0      , 0      , 0      , 0      , 0      , 0      , 0      , 0      , 0      , 0      , 0      , 0      , 0      , 0      , 0      , 0      , 0      , 1/16/32, 0      , 0      , 0      , 0      , 0      , 0      , 0      , 0      , 0      , 0      , 0      , 0      , 0      , 0      , 0      , 0      , 0      , 0      , 0      , 0      , 0      , 0      , 0      , 0      , 0      , 0      , 0      , 0      , 0      , 0      , 0      
1/16/32, 0      , 0      , 0      , 0      , 0      , 0      , 0      , 0      , 0      , 0      , 0      , 0      , 0      , 0      , 0      , 0      , 0      , 0      , 0      , 0      , 0      , 0      , 0      , 0      , 0      , 0      , 0      , 0      , 0      , 0      , 0      , 1/16/32, 0      , 0      , 0      , 0      , 0      , 0      , 0      , 0      , 0      , 0      , 0      , 0      , 0      , 0      , 0      , 0      , 0      , 0      , 0      , 0      , 0      , 0      , 0      , 0      , 0      , 0      , 0      , 0      , 0      , 0      , 0      
1/16/32, 0      , 0      , 0      , 0      , 0      , 0      , 0      , 0      , 0      , 0      , 0      , 0      , 0      , 0      , 0      , 0      , 0      , 0      , 0      , 0      , 0      , 0      , 0      , 0      , 0      , 0      , 0      , 0      , 0      , 0      , 0      , 1/16/32, 0      , 0      , 0      , 0      , 0      , 0      , 0      , 0      , 0      , 0      , 0      , 0      , 0      , 0      , 0      , 0      , 0      , 0      , 0      , 0      , 0      , 0      , 0      , 0      , 0      , 0      , 0      , 0      , 0      , 0      , 0      
1/16/32, 0      , 0      , 0      , 0      , 0      , 0      , 0      , 0      , 0      , 0      , 0      , 0      , 0      , 0      , 0      , 0      , 0      , 0      , 0      , 0      , 0      , 0      , 0      , 0      , 0      , 0      , 0      , 0      , 0      , 0      , 0      , 1/16/32, 0      , 0      , 0      , 0      , 0      , 0      , 0      , 0      , 0      , 0      , 0      , 0      , 0      , 0      , 0      , 0      , 0      , 0      , 0      , 0      , 0      , 0      , 0      , 0      , 0      , 0      , 0      , 0      , 0      , 0      , 0      